 alpha_MLT Mi      Mej       My(H)     My(3He)       My(4He)     My(12C)     My(13C)    My(14N)     My(15N)     My(16O)      My(17O)     My(18O)    My(CNO)
  1.68   3.50   2.505E+00  -2.232E-01  -3.272E-05   1.646E-01   1.795E-02   6.336E-03   3.102E-02  -1.113E-06   3.707E-03   2.161E-05  -1.081E-05   5.902E-02  T
  1.68   3.50   2.505E+00  -2.232E-01  -3.272E-05   1.646E-01   1.544E-04   5.986E-04  -4.465E-04  -2.091E-06  -8.354E-04   1.181E-05  -1.081E-05  -5.299E-04  S  
  1.68   3.50   2.505E+00  -2.232E-01  -3.272E-05   1.646E-01   1.780E-02   5.738E-03   3.146E-02   9.775E-07   4.542E-03   9.807E-06   1.737E-09   5.955E-02  P
  1.68   4.00   3.001E+00  -2.488E-01  -7.640E-05   1.996E-01   2.019E-03   7.009E-04   4.413E-02  -1.198E-06   2.267E-03   3.864E-04  -1.299E-05   4.949E-02  T
  1.68   4.00   3.001E+00  -2.488E-01  -7.640E-05   1.996E-01  -1.880E-03   2.809E-05   2.552E-03  -2.417E-06  -1.226E-03   2.282E-04  -1.301E-05  -3.136E-04  S
  1.68   4.00   3.001E+00  -2.488E-01  -7.640E-05   1.996E-01   3.899E-03   6.728E-04   4.158E-02   1.219E-06   3.493E-03   1.583E-04   1.099E-08   4.980E-02  P
  1.68   4.50   3.481E+00  -3.192E-01  -8.936E-05   2.791E-01   1.234E-03   5.590E-04   3.707E-02  -1.839E-06   5.975E-04   8.410E-04  -1.507E-05   4.028E-02  T
  1.68   4.50   3.481E+00  -3.192E-01  -8.936E-05   2.791E-01  -2.198E-03   2.817E-05   3.459E-03  -2.792E-06  -2.047E-03   5.871E-04  -1.508E-05  -1.892E-04  S
  1.68   4.50   3.481E+00  -3.192E-01  -8.936E-05   2.791E-01   3.432E-03   5.308E-04   3.361E-02   9.528E-07   2.645E-03   2.539E-04   1.188E-08   4.047E-02  P
  1.68   5.00   3.960E+00  -5.201E-01  -1.017E-04   4.716E-01   1.293E-03   6.901E-04   4.700E-02  -1.981E-06   1.002E-04   1.167E-03  -1.715E-05   5.023E-02  T
  1.68   5.00   3.960E+00  -5.201E-01  -1.017E-04   4.716E-01  -2.485E-03   3.698E-05   4.388E-03  -3.166E-06  -3.005E-03   7.667E-04  -1.716E-05  -3.200E-04  S
  1.68   5.00   3.960E+00  -5.201E-01  -1.017E-04   4.716E-01   3.778E-03   6.531E-04   4.261E-02   1.185E-06   3.106E-03   4.006E-04   1.486E-08   5.055E-02  P
  2.00   3.50   2.517E+00  -2.526E-01  -6.373E-05   1.849E-01   2.487E-03   8.817E-04   6.086E-02  -2.934E-07   3.785E-03   3.386E-04  -1.089E-05   6.834E-02  T
  2.00   3.50   2.517E+00  -2.526E-01  -6.373E-05   1.849E-01  -1.546E-03   3.245E-05   2.394E-03  -2.019E-06  -1.022E-03   1.476E-04  -1.090E-05  -6.481E-06  S
  2.00   3.50   2.517E+00  -2.526E-01  -6.373E-05   1.849E-01   4.034E-03   8.492E-04   5.846E-02   1.726E-06   4.807E-03   1.910E-04   1.595E-08   6.835E-02  P
  2.00   4.00   3.000E+00  -2.666E-01  -7.704E-05   2.166E-01   1.175E-03   6.264E-04   4.601E-02  -1.183E-06   1.484E-03   8.418E-04  -1.298E-05   5.013E-02  T
  2.00   4.00   3.000E+00  -2.666E-01  -7.704E-05   2.166E-01  -1.901E-03   2.207E-05   2.806E-03  -2.411E-06  -1.746E-03   5.044E-04  -1.300E-05  -3.300E-04  S
  2.00   4.00   3.000E+00  -2.666E-01  -7.704E-05   2.166E-01   3.076E-03   6.043E-04   4.321E-02   1.229E-06   3.230E-03   3.375E-04   1.796E-08   5.046E-02  P
  2.00   4.50   3.483E+00  -3.334E-01  -8.941E-05   2.945E-01   6.047E-04   5.215E-04   3.733E-02  -1.860E-06  -6.261E-04   1.106E-03  -1.507E-05   3.892E-02  T
  2.00   4.50   3.483E+00  -3.334E-01  -8.941E-05   2.945E-01  -2.184E-03   3.261E-05   4.053E-03  -2.778E-06  -2.880E-03   7.685E-04  -1.508E-05  -2.277E-04  S
  2.00   4.50   3.483E+00  -3.334E-01  -8.941E-05   2.945E-01   2.789E-03   4.889E-04   3.328E-02   9.177E-07   2.254E-03   3.373E-04   1.236E-08   3.915E-02  P
  2.00   5.00   3.960E+00  -5.370E-01  -1.016E-04   4.902E-01   7.981E-04   6.491E-04   4.685E-02  -2.010E-06  -1.184E-03   1.305E-03  -1.714E-05   4.839E-02  T 
  2.00   5.00   3.960E+00  -5.370E-01  -1.016E-04   4.902E-01  -2.465E-03   4.337E-05   4.987E-03  -3.148E-06  -3.840E-03   8.545E-04  -1.715E-05  -4.415E-04  S
  2.00   5.00   3.960E+00  -5.370E-01  -1.016E-04   4.902E-01   3.264E-03   6.057E-04   4.186E-02   1.138E-06   2.656E-03   4.500E-04   1.384E-08   4.884E-02  P
  2.50   3.50   2.516E+00  -2.774E-01  -6.456E-05   2.085E-01   1.656E-03   7.712E-04   6.256E-02  -3.013E-07   3.037E-03   8.129E-04  -1.087E-05   6.882E-02  T
  2.50   3.50   2.516E+00  -2.774E-01  -6.456E-05   2.085E-01  -1.600E-03   1.727E-05   2.113E-03  -2.029E-06  -1.410E-03   3.640E-04  -1.090E-05  -5.289E-04  S
  2.50   3.50   2.516E+00  -2.774E-01  -6.456E-05   2.085E-01   3.256E-03   7.539E-04   6.045E-02   1.727E-06   4.448E-03   4.489E-04   2.781E-08   6.935E-02  P
  2.50   4.00   3.003E+00  -2.887E-01  -7.711E-05   2.396E-01   8.392E-04   5.860E-04   4.637E-02  -1.210E-06   2.597E-04   1.058E-03  -1.299E-05   4.910E-02  T
  2.50   4.00   3.003E+00  -2.887E-01  -7.711E-05   2.396E-01  -1.890E-03   2.672E-05   3.387E-03  -2.399E-06  -2.498E-03   6.327E-04  -1.301E-05  -3.564E-04  S
  2.50   4.00   3.003E+00  -2.887E-01  -7.711E-05   2.396E-01   2.729E-03   5.593E-04   4.298E-02   1.189E-06   2.757E-03   4.250E-04   1.651E-08   4.945E-02  P
  2.50   4.50   3.487E+00  -3.520E-01  -8.953E-05   3.151E-01   1.491E-04   4.774E-04   3.713E-02  -1.894E-06  -2.051E-03   1.061E-03  -1.510E-05   3.675E-02  T
  2.50   4.50   3.487E+00  -3.520E-01  -8.953E-05   3.151E-01  -2.164E-03   4.234E-05   4.904E-03  -2.762E-06  -3.860E-03   7.229E-04  -1.511E-05  -3.725E-04  S
  2.50   4.50   3.487E+00  -3.520E-01  -8.953E-05   3.151E-01   2.313E-03   4.351E-04   3.222E-02   8.679E-07   1.809E-03   3.381E-04   9.615E-09   3.712E-02  P
  2.50   5.00   3.970E+00  -5.596E-01  -1.019E-04   5.154E-01   2.089E-04   5.982E-04   4.629E-02  -2.060E-06  -2.654E-03   1.166E-03  -1.720E-05   4.559E-02  T
  2.50   5.00   3.970E+00  -5.596E-01  -1.019E-04   5.154E-01  -2.446E-03   5.322E-05   5.975E-03  -3.137E-06  -4.799E-03   7.510E-04  -1.721E-05  -4.863E-04  S
  2.50   5.00   3.970E+00  -5.596E-01  -1.019E-04   5.154E-01   2.654E-03   5.450E-04   4.031E-02   1.077E-06   2.146E-03   4.154E-04   1.027E-08   4.608E-02  P
 
