-0.2   0.80 -8.57E-03  8.57E-03 -1.18E-04  1.38E-04 -1.50E-05  1.10E-05  0.00E+00  0.00E+00  0.00E+00  0.00E+00
-0.2   0.80 -8.57E-03  8.57E-03 -1.18E-04  1.38E-04 -1.50E-05  1.10E-05  0.00E+00  0.00E+00  0.00E+00  0.00E+00
-0.2   1.00 -1.32E-02  1.32E-02 -2.12E-04  2.48E-04 -2.58E-05  1.87E-05  0.00E+00  0.00E+00  0.00E+00  0.00E+00
-0.2   1.00 -1.32E-02  1.32E-02 -2.12E-04  2.48E-04 -2.58E-05  1.87E-05  0.00E+00  0.00E+00  0.00E+00  0.00E+00
-0.2   1.10 -1.49E-02  1.49E-02 -2.61E-04  3.04E-04 -3.11E-05  2.23E-05  0.00E+00  0.00E+00  0.00E+00  0.00E+00
-0.2   1.20 -1.63E-02  1.63E-02 -3.12E-04  3.64E-04 -3.65E-05  2.58E-05  0.00E+00  0.00E+00  0.00E+00  0.00E+00
-0.2   1.20 -1.63E-02  1.63E-02 -3.12E-04  3.64E-04 -3.65E-05  2.58E-05  0.00E+00  0.00E+00  0.00E+00  0.00E+00
-0.2   1.30 -1.74E-02  1.74E-02 -3.64E-04  4.24E-04 -4.18E-05  2.93E-05  0.00E+00  0.00E+00  0.00E+00  0.00E+00
-0.2   1.40 -1.80E-02  1.80E-02 -4.16E-04  4.85E-04 -4.70E-05  3.26E-05  0.00E+00  0.00E+00  0.00E+00  0.00E+00
-0.2   1.40 -1.80E-02  1.80E-02 -4.16E-04  4.85E-04 -4.70E-05  3.26E-05  0.00E+00  0.00E+00  0.00E+00  0.00E+00
-0.2   1.50 -1.83E-02  1.83E-02 -4.70E-04  5.48E-04 -5.21E-05  3.57E-05  0.00E+00  0.00E+00  0.00E+00  0.00E+00
-0.2   1.60 -2.20E-02  2.09E-02  6.07E-04  6.11E-04 -8.18E-05  3.89E-05  1.14E-03 -2.35E-20  5.57E-06  0.00E+00
-0.2   1.70 -2.82E-02  2.49E-02  2.58E-03  6.72E-04 -1.30E-04  4.17E-05  3.19E-03  0.00E+00  1.59E-05  0.00E+00
-0.2   1.70 -2.82E-02  2.49E-02  2.58E-03  6.72E-04 -1.30E-04  4.17E-05  3.19E-03 -2.08E-19  1.59E-05  0.00E+00
-0.2   1.80 -3.54E-02  2.96E-02  5.01E-03  7.31E-04 -1.87E-04  4.43E-05  5.70E-03 -4.92E-19  2.89E-05  0.00E+00
-0.2   1.90 -4.65E-02  3.68E-02  8.77E-03  7.86E-04 -2.72E-04  4.65E-05  9.55E-03 -7.82E-19  4.93E-05  0.00E+00
-0.2   2.00 -5.64E-02  4.30E-02  1.22E-02  8.42E-04 -3.51E-04  4.87E-05  1.31E-02 -2.96E-18  6.88E-05  0.00E+00
-0.2   2.00 -5.64E-02  4.30E-02  1.22E-02  8.42E-04 -3.51E-04  4.87E-05  1.31E-02 -1.13E-18  6.88E-05  0.00E+00
-0.2   2.50 -1.00E-01  7.16E-02  2.67E-02  1.16E-03 -6.71E-04  5.86E-05  2.80E-02 -2.42E-18  1.61E-04  0.00E+00
-0.2   3.50 -7.24E-02  4.95E-02  2.04E-02  1.96E-03 -5.25E-04  8.55E-05  2.23E-02 -1.26E-18  2.10E-04  0.00E+00
-0.2   4.00 -1.30E-02  9.07E-03 -4.23E-03  1.08E-02 -1.96E-03  1.55E-04  1.60E-03  2.50E-03  4.78E-05  9.78E-05
-0.2   4.50 -9.88E-02  9.29E-02 -4.70E-03  1.59E-02 -4.65E-03  2.08E-04  1.81E-03  4.49E-03  7.76E-05  1.33E-04
-0.2   5.00 -1.81E-01  1.73E-01 -5.18E-03  2.15E-02 -7.56E-03  2.72E-04  2.00E-03  6.87E-03  1.15E-04  1.69E-04
-0.2   6.00 -3.44E-01  3.29E-01 -6.20E-03  3.45E-02 -1.26E-02  4.22E-04  2.34E-03  1.40E-02  2.32E-04  2.73E-04
-0.2   8.00 -6.41E-01  6.18E-01 -8.53E-03  5.17E-02 -1.95E-02  6.38E-04  2.78E-03  2.22E-02  4.33E-04  4.02E-04
-0.1   1.00 -1.30E-02  1.30E-02 -2.71E-04  3.16E-04 -3.30E-05  2.38E-05  0.00E+00  0.00E+00  0.00E+00  0.00E+00
-0.1   1.10 -1.47E-02  1.47E-02 -3.33E-04  3.88E-04 -3.97E-05  2.84E-05  0.00E+00  0.00E+00  0.00E+00  0.00E+00
-0.1   1.20 -1.60E-02  1.60E-02 -3.97E-04  4.63E-04 -4.65E-05  3.29E-05  0.00E+00  0.00E+00  0.00E+00  0.00E+00
-0.1   1.30 -1.71E-02  1.71E-02 -4.63E-04  5.40E-04 -5.32E-05  3.73E-05  0.00E+00  0.00E+00  0.00E+00  0.00E+00
-0.1   1.40 -1.77E-02  1.77E-02 -5.29E-04  6.17E-04 -5.97E-05  4.14E-05  0.00E+00  0.00E+00  0.00E+00  0.00E+00
-0.1   1.50 -1.79E-02  1.79E-02 -5.97E-04  6.96E-04 -6.62E-05  4.54E-05  0.00E+00  0.00E+00  0.00E+00  0.00E+00
-0.1   1.60 -1.92E-02  1.88E-02 -2.98E-04  7.80E-04 -8.36E-05  4.95E-05  3.75E-04  2.19E-22  1.80E-06  0.00E+00
-0.1   1.70 -2.38E-02  2.18E-02  1.23E-03  8.57E-04 -1.35E-04  5.30E-05  1.99E-03  0.00E+00  9.80E-06  0.00E+00
-0.1   1.80 -3.03E-02  2.59E-02  3.44E-03  9.33E-04 -2.05E-04  5.64E-05  4.30E-03  0.00E+00  2.17E-05  0.00E+00
-0.1   1.90 -3.91E-02  3.15E-02  6.50E-03  1.01E-03 -2.99E-04  5.93E-05  7.46E-03  1.93E-22  3.83E-05  0.00E+00
-0.1   2.10 -6.25E-02  4.65E-02  1.45E-02  1.14E-03 -5.35E-04  6.43E-05  1.57E-02  1.85E-18  8.32E-05  0.00E+00
-0.1   2.20 -7.43E-02  5.41E-02  1.84E-02  1.21E-03 -6.52E-04  6.65E-05  1.98E-02 -1.42E-18  1.07E-04  0.00E+00
-0.1   2.30 -8.16E-02  5.89E-02  2.08E-02  1.29E-03 -7.24E-04  6.92E-05  2.22E-02  6.29E-19  1.22E-04  0.00E+00
-0.1   2.40 -9.02E-02  6.45E-02  2.36E-02  1.38E-03 -8.06E-04  7.16E-05  2.51E-02 -4.32E-18  1.41E-04  0.00E+00
-0.1   2.50 -9.02E-02  6.44E-02  2.37E-02  1.48E-03 -8.17E-04  7.49E-05  2.53E-02  2.21E-18  1.43E-04  0.00E+00
-0.1   2.60 -9.67E-02  6.85E-02  2.59E-02  1.57E-03 -8.83E-04  7.74E-05  2.76E-02  2.72E-18  1.59E-04  0.00E+00
-0.1   3.30 -1.13E-01  7.70E-02  3.30E-02  2.24E-03 -1.11E-03  9.84E-05  3.54E-02 -1.10E-17  2.34E-04  0.00E+00
-0.1   3.50 -8.64E-02  5.85E-02  2.47E-02  2.47E-03 -8.67E-04  1.08E-04  2.72E-02 -3.79E-18  2.18E-04  0.00E+00
-0.1   3.90 -3.45E-02  2.31E-02 -4.20E-03  1.76E-02 -8.22E-04  4.70E-04  2.92E-03  9.34E-03  1.11E-04  1.84E-04
-0.1   4.10 -1.61E-02  1.08E-02 -5.67E-03  1.38E-02 -1.78E-03  2.05E-04  1.96E-03  3.69E-03  6.02E-05  9.68E-05
-0.1   4.50 -7.09E-02  6.58E-02 -6.37E-03  1.62E-02 -3.90E-03  2.07E-04  1.95E-03  3.36E-03  6.39E-05  1.19E-04
-0.1   5.00 -1.54E-01  1.47E-01 -7.01E-03  2.17E-02 -6.96E-03  2.68E-04  2.16E-03  5.33E-03  9.57E-05  1.51E-04
-0.1   7.00 -4.65E-01  4.50E-01 -9.90E-03  4.34E-02 -1.72E-02  5.20E-04  2.68E-03  1.44E-02  2.71E-04  2.83E-04
-0.1   8.00 -6.00E-01  5.86E-01 -1.17E-02  4.61E-02 -1.95E-02  5.50E-04  2.62E-03  1.31E-02  2.85E-04  2.69E-04
 0.0   1.00 -1.28E-02  1.28E-02 -3.46E-04  4.04E-04 -4.21E-05  3.05E-05  0.00E+00  0.00E+00  0.00E+00  0.00E+00
 0.0   1.10 -1.44E-02  1.44E-02 -4.25E-04  4.96E-04 -5.07E-05  3.63E-05  0.00E+00  0.00E+00  0.00E+00  0.00E+00
 0.0   1.20 -1.57E-02  1.57E-02 -5.06E-04  5.90E-04 -5.92E-05  4.19E-05  0.00E+00  0.00E+00  0.00E+00  0.00E+00
 0.0   1.30 -1.66E-02  1.66E-02 -5.89E-04  6.87E-04 -6.78E-05  4.75E-05  0.00E+00  0.00E+00  0.00E+00  0.00E+00
 0.0   1.40 -1.72E-02  1.72E-02 -6.73E-04  7.85E-04 -7.60E-05  5.27E-05  0.00E+00  0.00E+00  0.00E+00  0.00E+00
 0.0   1.50 -1.74E-02  1.74E-02 -7.59E-04  8.85E-04 -8.42E-05  5.77E-05  0.00E+00  0.00E+00  0.00E+00  0.00E+00
 0.0   1.60 -1.74E-02  1.74E-02 -8.51E-04  9.92E-04 -9.28E-05  6.29E-05  0.00E+00  0.00E+00  0.00E+00  0.00E+00
 0.0   1.62 -1.74E-02  1.74E-02 -8.69E-04  1.01E-03 -9.44E-05  6.39E-05  0.00E+00  0.00E+00  0.00E+00  0.00E+00
 0.0   1.64 -1.74E-02  1.73E-02 -8.56E-04  1.03E-03 -9.70E-05  6.47E-05  2.93E-05  0.00E+00  1.41E-07  0.00E+00
 0.0   1.66 -1.81E-02  1.78E-02 -6.19E-04  1.05E-03 -1.08E-04  6.58E-05  2.90E-04 -8.79E-24  1.39E-06  0.00E+00
 0.0   1.68 -1.83E-02  1.79E-02 -5.65E-04  1.08E-03 -1.13E-04  6.68E-05  3.64E-04  0.00E+00  1.75E-06  0.00E+00
 0.0   1.70 -1.93E-02  1.85E-02 -2.14E-04  1.09E-03 -1.28E-04  6.75E-05  7.36E-04  2.93E-22  3.58E-06  0.00E+00
 0.0   1.80 -2.42E-02  2.16E-02  1.52E-03  1.19E-03 -2.03E-04  7.18E-05  2.59E-03  0.00E+00  1.29E-05  0.00E+00
 0.0   1.90 -3.16E-02  2.61E-02  4.13E-03  1.29E-03 -3.10E-04  7.58E-05  5.33E-03  0.00E+00  2.71E-05  0.00E+00
 0.0   2.00 -4.21E-02  3.26E-02  7.87E-03  1.38E-03 -4.58E-04  7.92E-05  9.21E-03  0.00E+00  4.77E-05  0.00E+00
 0.0   2.10 -5.54E-02  4.12E-02  1.23E-02  1.46E-03 -6.29E-04  8.20E-05  1.38E-02  1.80E-21  7.25E-05  0.00E+00
 0.0   2.20 -6.85E-02  4.97E-02  1.67E-02  1.54E-03 -7.98E-04  8.45E-05  1.83E-02 -8.11E-19  9.84E-05  0.00E+00
 0.0   2.30 -7.16E-02  5.17E-02  1.77E-02  1.66E-03 -8.46E-04  8.87E-05  1.95E-02  4.27E-18  1.05E-04  0.00E+00
 0.0   2.40 -8.07E-02  5.75E-02  2.07E-02  1.77E-03 -9.64E-04  9.17E-05  2.26E-02  3.70E-18  1.25E-04  0.00E+00
 0.0   2.50 -8.61E-02  6.09E-02  2.25E-02  1.88E-03 -1.04E-03  9.49E-05  2.46E-02  9.03E-19  1.38E-04  0.00E+00
 0.0   2.60 -9.18E-02  6.45E-02  2.45E-02  2.00E-03 -1.12E-03  9.80E-05  2.67E-02  4.40E-18  1.52E-04  0.00E+00
 0.0   2.80 -9.68E-02  6.71E-02  2.64E-02  2.26E-03 -1.21E-03  1.05E-04  2.89E-02 -7.00E-18  1.70E-04  0.00E+00
 0.0   2.90 -1.00E-01  6.91E-02  2.78E-02  2.39E-03 -1.27E-03  1.08E-04  3.03E-02 -1.44E-20  1.82E-04  0.00E+00
 0.0   3.10 -1.04E-01  7.07E-02  2.96E-02  2.64E-03 -1.35E-03  1.16E-04  3.24E-02 -6.27E-19  2.00E-04  0.00E+00
 0.0   3.30 -1.12E-01  7.53E-02  3.28E-02  2.83E-03 -1.48E-03  1.24E-04  3.58E-02  7.72E-18  2.30E-04  0.00E+00
 0.0   3.40 -1.18E-01  7.91E-02  3.47E-02  2.93E-03 -1.55E-03  1.28E-04  3.79E-02 -1.23E-18  2.48E-04  0.00E+00
 0.0   3.50 -1.21E-01  8.06E-02  3.56E-02  3.04E-03 -1.59E-03  1.33E-04  3.89E-02  6.98E-18  2.56E-04  0.00E+00
 0.0   3.60 -1.11E-01  7.40E-02  3.25E-02  3.17E-03 -1.48E-03  1.39E-04  3.59E-02  2.82E-18  2.54E-04  0.00E+00
 0.0   3.70 -9.65E-02  6.42E-02  2.80E-02  3.32E-03 -1.31E-03  1.45E-04  3.14E-02  4.09E-18  2.43E-04  0.00E+00
 0.0   3.80 -8.88E-02  5.90E-02  2.56E-02  3.45E-03 -1.22E-03  1.50E-04  2.90E-02  5.78E-10  2.46E-04  2.49E-08
 0.0   3.90 -8.39E-02  5.56E-02  2.39E-02  3.56E-03 -1.16E-03  1.61E-04  2.74E-02  1.22E-07  2.53E-04  4.58E-06
 0.0   4.00 -7.62E-02  5.05E-02  2.12E-02  3.69E-03 -1.07E-03  2.91E-04  2.48E-02  4.05E-06  2.45E-04  1.04E-04
 0.0   4.02 -7.04E-02  4.67E-02  1.80E-02  3.96E-03 -1.02E-03  1.52E-03  2.19E-02  1.62E-04  2.24E-04  1.05E-03
 0.0   4.04 -6.45E-02  4.28E-02  1.22E-02  6.14E-03 -9.70E-04  3.73E-03  1.71E-02  1.78E-03  2.04E-04  2.65E-03
 0.0   4.06 -5.93E-02  3.93E-02  6.74E-03  1.02E-02 -9.37E-04  4.06E-03  1.28E-02  4.69E-03  1.87E-04  2.73E-03
 0.0   4.08 -5.42E-02  3.60E-02  1.34E-03  1.57E-02 -9.20E-04  3.09E-03  8.78E-03  8.43E-03  1.71E-04  1.87E-03
 0.0   4.10 -5.04E-02  3.34E-02 -1.54E-03  1.86E-02 -9.15E-04  2.21E-03  6.68E-03  1.01E-02  1.59E-04  1.21E-03
 0.0   4.20 -3.75E-02  2.49E-02 -6.88E-03  2.24E-02 -1.31E-03  4.47E-04  3.01E-03  1.07E-02  1.23E-04  1.50E-04
 0.0   4.30 -2.70E-02  1.79E-02 -7.67E-03  2.02E-02 -2.00E-03  3.17E-04  2.58E-03  7.18E-03  9.39E-05  1.15E-04
 0.0   4.40 -1.58E-02  1.04E-02 -8.32E-03  1.70E-02 -2.11E-03  2.29E-04  2.16E-03  3.43E-03  6.03E-05  8.46E-05
 0.0   4.50 -2.97E-02  2.45E-02 -8.52E-03  1.76E-02 -2.64E-03  2.27E-04  2.19E-03  3.22E-03  6.03E-05  9.18E-05
 0.0   4.60 -4.64E-02  4.11E-02 -8.74E-03  1.86E-02 -3.40E-03  2.36E-04  2.19E-03  3.36E-03  6.30E-05  1.10E-04
 0.0   4.70 -6.36E-02  5.79E-02 -8.90E-03  1.98E-02 -4.05E-03  2.48E-04  2.25E-03  3.68E-03  6.84E-05  1.23E-04
 0.0   4.80 -8.06E-02  7.45E-02 -9.08E-03  2.08E-02 -4.61E-03  2.57E-04  2.27E-03  4.04E-03  7.39E-05  1.30E-04
 0.0   4.90 -9.75E-02  9.11E-02 -9.20E-03  2.20E-02 -5.29E-03  2.71E-04  2.37E-03  4.38E-03  8.02E-05  1.41E-04
 0.0   5.00 -1.14E-01  1.07E-01 -9.42E-03  2.31E-02 -5.83E-03  2.80E-04  2.37E-03  4.78E-03  8.59E-05  1.46E-04
 0.0   6.00 -2.75E-01  2.64E-01 -1.12E-02  3.52E-02 -1.26E-02  4.14E-04  2.73E-03  8.68E-03  1.57E-04  2.08E-04
 0.0   7.00 -4.18E-01  4.07E-01 -1.32E-02  4.16E-02 -1.68E-02  4.83E-04  2.78E-03  8.98E-03  1.88E-04  2.02E-04
 0.0   8.00 -5.49E-01  5.41E-01 -1.56E-02  4.21E-02 -1.85E-02  4.75E-04  2.44E-03  5.61E-03  1.53E-04  1.36E-04
 0.1   1.00 -1.24E-02  1.24E-02 -4.41E-04  5.15E-04 -5.37E-05  3.88E-05  0.00E+00  0.00E+00  0.00E+00  0.00E+00
 0.1   1.10 -1.41E-02  1.41E-02 -5.46E-04  6.38E-04 -6.52E-05  4.67E-05  0.00E+00  0.00E+00  0.00E+00  0.00E+00
 0.1   1.20 -1.52E-02  1.52E-02 -6.49E-04  7.57E-04 -7.60E-05  5.38E-05  0.00E+00  0.00E+00  0.00E+00  0.00E+00
 0.1   1.30 -1.62E-02  1.62E-02 -7.56E-04  8.82E-04 -8.70E-05  6.09E-05  0.00E+00  0.00E+00  0.00E+00  0.00E+00
 0.1   1.40 -1.67E-02  1.67E-02 -8.63E-04  1.01E-03 -9.75E-05  6.76E-05  0.00E+00  0.00E+00  0.00E+00  0.00E+00
 0.1   1.50 -1.68E-02  1.68E-02 -9.72E-04  1.13E-03 -1.08E-04  7.39E-05  0.00E+00  0.00E+00  0.00E+00  0.00E+00
 0.1   1.60 -1.68E-02  1.68E-02 -1.09E-03  1.27E-03 -1.19E-04  8.05E-05  0.00E+00  0.00E+00  0.00E+00  0.00E+00
 0.1   1.70 -1.63E-02  1.63E-02 -1.20E-03  1.40E-03 -1.29E-04  8.65E-05  0.00E+00  0.00E+00  0.00E+00  0.00E+00
 0.1   1.80 -1.65E-02  1.62E-02 -1.02E-03  1.54E-03 -1.54E-04  9.25E-05  3.12E-04  0.00E+00  1.50E-06  0.00E+00
 0.1   1.90 -2.00E-02  1.81E-02  3.42E-04  1.68E-03 -2.36E-04  9.79E-05  1.82E-03  5.77E-20  9.00E-06  0.00E+00
 0.1   2.00 -2.51E-02  2.10E-02  2.37E-03  1.80E-03 -3.48E-04  1.03E-04  4.00E-03 -5.36E-23  2.03E-05  0.00E+00
 0.1   2.20 -5.49E-02  4.01E-02  1.23E-02  2.00E-03 -8.48E-04  1.09E-04  1.44E-02 -8.66E-19  7.59E-05  0.00E+00
 0.1   2.40 -7.60E-02  5.36E-02  1.93E-02  2.24E-03 -1.21E-03  1.16E-04  2.17E-02  3.70E-19  1.19E-04  0.00E+00
 0.1   2.60 -8.39E-02  5.83E-02  2.21E-02  2.55E-03 -1.37E-03  1.25E-04  2.48E-02 -2.37E-18  1.39E-04  0.00E+00
 0.1   2.80 -9.29E-02  6.35E-02  2.54E-02  2.86E-03 -1.55E-03  1.33E-04  2.84E-02  4.75E-18  1.65E-04  0.00E+00
 0.1   3.00 -9.72E-02  6.56E-02  2.72E-02  3.21E-03 -1.67E-03  1.41E-04  3.06E-02 -8.64E-18  1.84E-04  0.00E+00
 0.1   3.20 -1.04E-01  6.91E-02  3.01E-02  3.46E-03 -1.83E-03  1.52E-04  3.38E-02  1.33E-17  2.11E-04  0.00E+00
 0.1   3.40 -1.11E-01  7.34E-02  3.26E-02  3.72E-03 -1.97E-03  1.63E-04  3.66E-02  1.61E-18  2.34E-04  0.00E+00
 0.1   3.60 -1.21E-01  7.94E-02  3.57E-02  3.97E-03 -2.14E-03  1.74E-04  4.00E-02  1.25E-17  2.61E-04  0.00E+00
 0.1   3.80 -1.37E-01  8.99E-02  4.10E-02  4.18E-03 -2.40E-03  1.84E-04  4.56E-02 -9.82E-18  3.09E-04  0.00E+00
 0.1   3.90 -1.47E-01  9.64E-02  4.42E-02  4.29E-03 -2.55E-03  1.88E-04  4.89E-02 -9.29E-18  3.37E-04  0.00E+00
 0.1   4.00 -1.40E-01  9.18E-02  4.18E-02  4.47E-03 -2.45E-03  1.97E-04  4.66E-02  1.84E-08  3.32E-04  9.34E-07
 0.1   4.02 -1.38E-01  9.07E-02  4.12E-02  4.50E-03 -2.42E-03  2.00E-04  4.61E-02  4.43E-08  3.34E-04  2.20E-06
 0.1   4.04 -1.33E-01  8.71E-02  3.94E-02  4.56E-03 -2.34E-03  2.14E-04  4.42E-02  2.68E-07  3.23E-04  1.23E-05
 0.1   4.06 -1.32E-01  8.65E-02  3.90E-02  4.58E-03 -2.32E-03  2.16E-04  4.39E-02  2.81E-07  3.27E-04  1.27E-05
 0.1   4.08 -1.29E-01  8.45E-02  3.80E-02  4.63E-03 -2.28E-03  2.37E-04  4.29E-02  6.93E-07  3.24E-04  2.93E-05
 0.1   4.10 -1.24E-01  8.12E-02  3.63E-02  4.68E-03 -2.20E-03  3.24E-04  4.12E-02  2.85E-06  3.14E-04  9.98E-05
 0.1   4.20 -1.17E-01  7.66E-02  3.35E-02  4.86E-03 -2.09E-03  6.96E-04  3.86E-02  1.92E-05  3.22E-04  4.00E-04
 0.1   4.30 -1.15E-01  7.52E-02  3.28E-02  4.97E-03 -2.03E-03  6.32E-04  3.80E-02  1.55E-05  3.48E-04  3.41E-04
 0.1   4.50 -8.59E-02  5.62E-02  4.67E-03  2.18E-02 -1.69E-03  5.36E-03  1.48E-02  1.24E-02  2.84E-04  3.56E-03
 0.1   4.60 -5.85E-02  3.83E-02 -1.02E-02  3.45E-02 -2.12E-03  5.93E-04  3.75E-03  1.82E-02  1.91E-04  2.20E-04
 0.1   4.70 -4.25E-02  2.78E-02 -1.11E-02  3.09E-02 -3.19E-03  4.43E-04  3.30E-03  1.26E-02  1.45E-04  1.39E-04
 0.1   4.80 -2.80E-02  1.83E-02 -1.19E-02  2.68E-02 -3.52E-03  3.42E-04  2.86E-03  7.47E-03  1.03E-04  1.12E-04
 0.1   4.90 -3.80E-02  2.93E-02 -1.22E-02  2.66E-02 -4.05E-03  3.27E-04  2.81E-03  6.38E-03  9.55E-05  1.11E-04
 0.1   5.00 -5.45E-02  4.57E-02 -1.25E-02  2.77E-02 -4.79E-03  3.35E-04  2.85E-03  6.52E-03  9.94E-05  1.25E-04
 0.1   6.00 -2.13E-01  2.02E-01 -1.48E-02  3.87E-02 -1.19E-02  4.48E-04  3.21E-03  8.34E-03  1.47E-04  2.19E-04
 0.1   7.00 -3.50E-01  3.42E-01 -1.76E-02  4.22E-02 -1.59E-02  4.71E-04  2.95E-03  5.28E-03  1.29E-04  1.45E-04
 0.1   8.00 -4.79E-01  4.75E-01 -2.05E-02  4.22E-02 -1.69E-02  4.38E-04  2.04E-03  1.79E-03  7.58E-05  6.29E-05
 0.2   1.00 -1.19E-02  1.19E-02 -5.65E-04  6.60E-04 -6.88E-05  4.97E-05  0.00E+00  0.00E+00  0.00E+00  0.00E+00
 0.2   1.20 -1.45E-02  1.45E-02 -8.29E-04  9.67E-04 -9.71E-05  6.87E-05  0.00E+00  0.00E+00  0.00E+00  0.00E+00
 0.2   1.40 -1.58E-02  1.58E-02 -1.10E-03  1.28E-03 -1.24E-04  8.61E-05  0.00E+00  0.00E+00  0.00E+00  0.00E+00
 0.2   1.60 -1.57E-02  1.57E-02 -1.38E-03  1.61E-03 -1.51E-04  1.02E-04  0.00E+00  0.00E+00  0.00E+00  0.00E+00
 0.2   1.80 -1.44E-02  1.44E-02 -1.68E-03  1.96E-03 -1.77E-04  1.17E-04  0.00E+00  0.00E+00  0.00E+00  0.00E+00
 0.2   2.00 -1.90E-02  1.65E-02  3.85E-04  2.30E-03 -3.50E-04  1.31E-04  2.43E-03 -7.81E-22  1.21E-05  0.00E+00
 0.2   2.20 -5.18E-02  3.73E-02  1.14E-02  2.53E-03 -1.07E-03  1.38E-04  1.40E-02  1.38E-18  7.33E-05  0.00E+00
 0.2   2.40 -6.45E-02  4.51E-02  1.57E-02  2.88E-03 -1.37E-03  1.49E-04  1.87E-02 -6.05E-19  1.00E-04  0.00E+00
 0.2   3.00 -9.48E-02  6.25E-02  2.67E-02  4.04E-03 -2.17E-03  1.77E-04  3.10E-02  3.45E-18  1.84E-04  0.00E+00
 0.2   3.10 -9.51E-02  6.23E-02  2.71E-02  4.23E-03 -2.22E-03  1.85E-04  3.16E-02 -4.40E-18  1.89E-04  0.00E+00
 0.2   3.20 -9.87E-02  6.41E-02  2.86E-02  4.38E-03 -2.33E-03  1.92E-04  3.33E-02  7.47E-18  2.04E-04  0.00E+00
 0.2   3.30 -1.03E-01  6.68E-02  3.04E-02  4.53E-03 -2.45E-03  1.98E-04  3.52E-02  1.68E-18  2.19E-04  0.00E+00
 0.2   3.40 -1.06E-01  6.87E-02  3.12E-02  4.70E-03 -2.52E-03  2.06E-04  3.62E-02 -1.33E-17  2.27E-04  0.00E+00
 0.2   3.50 -1.13E-01  7.31E-02  3.34E-02  4.84E-03 -2.67E-03  2.12E-04  3.86E-02 -4.98E-18  2.46E-04  0.00E+00
 0.2   3.60 -1.21E-01  7.80E-02  3.59E-02  4.98E-03 -2.83E-03  2.18E-04  4.12E-02  1.55E-17  2.68E-04  0.00E+00
 0.2   3.70 -1.25E-01  8.06E-02  3.71E-02  5.15E-03 -2.93E-03  2.26E-04  4.27E-02  1.80E-17  2.79E-04  0.00E+00
 0.2   3.80 -1.34E-01  8.66E-02  4.01E-02  5.28E-03 -3.13E-03  2.32E-04  4.59E-02 -3.69E-18  3.06E-04  0.00E+00
 0.2   3.90 -1.44E-01  9.30E-02  4.33E-02  5.40E-03 -3.33E-03  2.37E-04  4.93E-02  2.22E-17  3.34E-04  0.00E+00
 0.2   4.00 -1.51E-01  9.74E-02  4.55E-02  5.55E-03 -3.48E-03  2.45E-04  5.17E-02  1.21E-08  3.53E-04  5.55E-07
 0.2   4.10 -1.63E-01  1.05E-01  4.93E-02  5.66E-03 -3.72E-03  2.58E-04  5.57E-02  1.62E-07  3.87E-04  7.61E-06
 0.2   4.20 -1.76E-01  1.14E-01  5.36E-02  5.77E-03 -3.99E-03  3.04E-04  6.02E-02  9.27E-07  4.27E-04  4.33E-05
 0.2   4.30 -1.87E-01  1.20E-01  5.66E-02  5.91E-03 -4.21E-03  6.67E-04  6.35E-02  1.09E-05  4.55E-04  3.52E-04
 0.2   4.40 -2.02E-01  1.30E-01  6.10E-02  6.05E-03 -4.52E-03  1.49E-03  6.82E-02  5.61E-05  5.03E-04  1.07E-03
 0.2   4.50 -2.15E-01  1.39E-01  6.14E-02  6.86E-03 -4.79E-03  4.94E-03  6.93E-02  6.62E-04  5.38E-04  4.10E-03
 0.2   4.60 -2.34E-01  1.51E-01  6.31E-02  8.55E-03 -5.17E-03  8.43E-03  7.16E-02  2.11E-03  5.95E-04  7.21E-03
 0.2   4.70 -2.34E-01  1.50E-01  5.36E-02  1.46E-02 -5.17E-03  1.29E-02  6.35E-02  7.27E-03  6.08E-04  1.10E-02
 0.2   4.80 -2.02E-01  1.30E-01  1.98E-02  4.34E-02 -4.61E-03  1.13E-02  3.39E-02  3.13E-02  5.43E-04  8.97E-03
 0.2   4.90 -2.02E-01  1.30E-01  3.08E-02  2.85E-02 -4.52E-03  1.33E-02  4.33E-02  1.85E-02  6.04E-04  1.08E-02
 0.2   5.00 -1.95E-01  1.25E-01  2.72E-02  3.05E-02 -4.35E-03  1.28E-02  4.01E-02  1.99E-02  6.33E-04  1.03E-02
 0.2   6.00 -1.28E-01  1.10E-01 -1.95E-02  5.16E-02 -1.20E-02  6.00E-04  4.12E-03  1.55E-02  2.12E-04  2.86E-04
 0.2   7.00 -2.46E-01  2.38E-01 -2.33E-02  4.77E-02 -1.52E-02  5.12E-04  3.43E-03  4.44E-03  1.14E-04  1.44E-04
 0.2   8.00 -3.66E-01  3.63E-01 -2.67E-02  4.69E-02 -1.58E-02  4.55E-04  1.67E-03  7.86E-04  4.81E-05  4.19E-05
